showRules:0 0 0 0 
showNormals:0 0 0 0 
showUV:0 1 0 0 
showLines:0 0 0 0 
showLeaks:0 0 0 0 
showHits:0 0 0 0 
showVolume:0 0 0 0 
showTexture:0 0 0 1 
showFilter:1 0 0 1 
showIndices:0 0 0 0 
showVertices:0 0 0 0 
showMode:1 1 0 1 
showMesh:1 1 0 1 
showHidden:0 1 0 0 
texColormap:1 1 1 1 
transaltion: 1.00000000000000E+000  1.00000000000000E+000  1.00000000000000E+000  1.00000000000000E+000 
angle: 5.00000000000000E-003  5.00000000000000E-003  5.00000000000000E-003  5.00000000000000E-003 
autoScale:1
texMin: 1.00000004749745E-003
texMax: 2.00000009499490E-003
processNum:1
recents:{
"C:\Documents and Settings\pons\Desktop\Tisp_RF_sublimation_pattern.txt"
"d:\c++\molflow\data\SSR1_magnetic_Volume.STL"
"d:\c++\molflow\data\room2.ASE"
"d:\c++\molflow\data\APSCOND.GEO"
"d:\c++\molflow\data\AHEMI.txt"
"d:\c++\molflow\data\ACUBE.TXT"
"d:\c++\molflow\data\ACUBE_dir.GEO"
}
cdir:"d:\c++\molflow\data"
cseldir:"D:\c++\molflow\data"
autonorme:0
centernorme:0
normeratio: 5.00000000000000E+002
showDirection:0 0 1 1 
